1-[0]
2-[1, 0]
3-[1, 0]
4-[3, 1, 0]
5-[1, 0]
6-[6]
7-[1, 0]
8-[7, 1, 0]
9-[4, 3, 1, 0]
10-[8, 7, 1, 0]
11-[1, 0]
12-[16, 15, 9, 4, 3, 1, 0]
13-[1, 0]
14-[10, 8, 7, 1, 0]
15-[9, 4, 3, 1, 0]
16-[15, 9, 4, 3, 1, 0]
17-[1, 0]
18-[21, 11, 1, 0]
19-[1, 0]
20-[22, 14, 10, 8, 7, 1, 0]
21-[11, 1, 0]
22-[14, 10, 8, 7, 1, 0]
23-[1, 0]
24-[36, 55, 17, 1, 0]
25-[6]
26-[16, 15, 9, 4, 3, 1, 0]
27-[13, 1, 0]
28-[28]
29-[1, 0]
30-[42, 54, 66, 78, 90, 144, 259, 45, 33, 15, 9, 4, 3, 1, 0]
31-[1, 0]
32-[31, 1, 0]
33-[15, 9, 4, 3, 1, 0]
34-[20, 22, 14, 10, 8, 7, 1, 0]
35-[13, 1, 0]
36-[55, 17, 1, 0]
37-[1, 0]
38-[22, 14, 10, 8, 7, 1, 0]
39-[17, 1, 0]
40-[50, 43, 1, 0]
41-[1, 0]
42-[54, 66, 78, 90, 144, 259, 45, 33, 15, 9, 4, 3, 1, 0]
43-[1, 0]
44-[40, 50, 43, 1, 0]
45-[33, 15, 9, 4, 3, 1, 0]
46-[26, 16, 15, 9, 4, 3, 1, 0]
47-[1, 0]
48-[76, 64, 63, 41, 1, 0]
49-[8, 7, 1, 0]
50-[43, 1, 0]
51-[21, 11, 1, 0]
52-[46, 26, 16, 15, 9, 4, 3, 1, 0]
53-[1, 0]
54-[66, 78, 90, 144, 259, 45, 33, 15, 9, 4, 3, 1, 0]
55-[17, 1, 0]
56-[64, 63, 41, 1, 0]
57-[23, 1, 0]
58-[32, 31, 1, 0]
59-[1, 0]
60-[108, 172, 136, 134, 70, 74, 40, 50, 43, 1, 0]
61-[1, 0]
62-[34, 20, 22, 14, 10, 8, 7, 1, 0]
63-[41, 1, 0]
64-[63, 41, 1, 0]
65-[19, 1, 0]
66-[78, 90, 144, 259, 45, 33, 15, 9, 4, 3, 1, 0]
67-[1, 0]
68-[58, 32, 31, 1, 0]
69-[27, 13, 1, 0]
70-[74, 40, 50, 43, 1, 0]
71-[1, 0]
72-[123, 45, 33, 15, 9, 4, 3, 1, 0]
73-[1, 0]
74-[40, 50, 43, 1, 0]
75-[49, 8, 7, 1, 0]
76-[64, 63, 41, 1, 0]
77-[19, 1, 0]
78-[90, 144, 259, 45, 33, 15, 9, 4, 3, 1, 0]
79-[1, 0]
80-[106, 56, 64, 63, 41, 1, 0]
81-[40, 50, 43, 1, 0]
82-[44, 40, 50, 43, 1, 0]
83-[1, 0]
84-[140, 196, 203, 37, 1, 0]
85-[23, 1, 0]
86-[46, 26, 16, 15, 9, 4, 3, 1, 0]
87-[33, 15, 9, 4, 3, 1, 0]
88-[92, 76, 64, 63, 41, 1, 0]
89-[1, 0]
90-[144, 259, 45, 33, 15, 9, 4, 3, 1, 0]
91-[21, 11, 1, 0]
92-[76, 64, 63, 41, 1, 0]
93-[35, 13, 1, 0]
94-[50, 43, 1, 0]
95-[25, 6]
96-[156, 236, 184, 176, 196, 203, 37, 1, 0]
97-[1, 0]
98-[73, 1, 0]
99-[57, 23, 1, 0]
100-[117, 65, 19, 1, 0]
101-[1, 0]
102-[114, 126, 186, 198, 270, 450, 759, 393, 135, 105, 87, 33, 15, 9, 4, 3, 1, 0]
103-[1, 0]
104-[106, 56, 64, 63, 41, 1, 0]
105-[87, 33, 15, 9, 4, 3, 1, 0]
106-[56, 64, 63, 41, 1, 0]
107-[1, 0]
108-[172, 136, 134, 70, 74, 40, 50, 43, 1, 0]
109-[1, 0]
110-[106, 56, 64, 63, 41, 1, 0]
111-[41, 1, 0]
112-[136, 134, 70, 74, 40, 50, 43, 1, 0]
113-[1, 0]
114-[126, 186, 198, 270, 450, 759, 393, 135, 105, 87, 33, 15, 9, 4, 3, 1, 0]
115-[29, 1, 0]
116-[94, 50, 43, 1, 0]
117-[65, 19, 1, 0]
118-[62, 34, 20, 22, 14, 10, 8, 7, 1, 0]
119-[25, 6]
120-[240, 504, 1056, 1968, 3240, 7650, 14112, 32571, 27333, 12161, 1, 0]
121-[12, 16, 15, 9, 4, 3, 1, 0]
122-[64, 63, 41, 1, 0]
123-[45, 33, 15, 9, 4, 3, 1, 0]
124-[100, 117, 65, 19, 1, 0]
125-[31, 1, 0]
126-[186, 198, 270, 450, 759, 393, 135, 105, 87, 33, 15, 9, 4, 3, 1, 0]
127-[1, 0]
128-[127, 1, 0]
129-[47, 1, 0]
130-[122, 64, 63, 41, 1, 0]
131-[1, 0]
132-[204, 300, 568, 512, 511, 81, 40, 50, 43, 1, 0]
133-[27, 13, 1, 0]
134-[70, 74, 40, 50, 43, 1, 0]
135-[105, 87, 33, 15, 9, 4, 3, 1, 0]
136-[134, 70, 74, 40, 50, 43, 1, 0]
137-[1, 0]
138-[150, 222, 234, 312, 528, 960, 2088, 3762, 5598, 6570, 10746, 13254, 13830, 19434, 20886, 21606, 25098, 26742, 26754, 40446, 63234, 77406, 110754, 171486, 253458, 295740, 647748, 1077612, 1467588, 1956812, 2109796, 1889486, 953914, 668966, 353578, 176792, 254128, 308832, 502104, 753216, 1240176, 2422288, 2697920, 3727264, 3655076, 2760844, 2100740, 2310856, 2455544, 3212776, 3751064, 3282196, 2723020, 3035684, 2299240, 2988440, 5297320, 8325080, 11222920, 15359480, 19199440, 28875608, 25266172, 19406148, 26552604, 40541052, 54202884, 72270540, 147793668, 228408732, 348957876, 508132204, 404465636, 303708376, 290504024, 312058216, 294959384, 290622016, 286081174, 151737434, 75868720, 108199856, 101437396, 76247552, 76099654, 42387146, 21679318, 12752594, 7278382, 3660794, 1855066, 927536, 932464, 1013592, 1546008, 2425752, 5084088, 8436192, 13709064, 20563656]
139-[1, 0]
140-[196, 203, 37, 1, 0]
141-[51, 21, 11, 1, 0]
142-[74, 40, 50, 43, 1, 0]
143-[25, 6]
144-[259, 45, 33, 15, 9, 4, 3, 1, 0]
145-[35, 13, 1, 0]
146-[76, 64, 63, 41, 1, 0]
147-[81, 40, 50, 43, 1, 0]
148-[118, 62, 34, 20, 22, 14, 10, 8, 7, 1, 0]
149-[1, 0]
150-[222, 234, 312, 528, 960, 2088, 3762, 5598, 6570, 10746, 13254, 13830, 19434, 20886, 21606, 25098, 26742, 26754, 40446, 63234, 77406, 110754, 171486, 253458, 295740, 647748, 1077612, 1467588, 1956812, 2109796, 1889486, 953914, 668966, 353578, 176792, 254128, 308832, 502104, 753216, 1240176, 2422288, 2697920, 3727264, 3655076, 2760844, 2100740, 2310856, 2455544, 3212776, 3751064, 3282196, 2723020, 3035684, 2299240, 2988440, 5297320, 8325080, 11222920, 15359480, 19199440, 28875608, 25266172, 19406148, 26552604, 40541052, 54202884, 72270540, 147793668, 228408732, 348957876, 508132204, 404465636, 303708376, 290504024, 312058216, 294959384, 290622016, 286081174, 151737434, 75868720, 108199856, 101437396, 76247552, 76099654, 42387146, 21679318, 12752594, 7278382, 3660794, 1855066, 927536, 932464, 1013592, 1546008, 2425752, 5084088, 8436192, 13709064, 20563656, 33082104]
151-[1, 0]
152-[148, 118, 62, 34, 20, 22, 14, 10, 8, 7, 1, 0]
153-[81, 40, 50, 43, 1, 0]
154-[134, 70, 74, 40, 50, 43, 1, 0]
155-[37, 1, 0]
156-[236, 184, 176, 196, 203, 37, 1, 0]
157-[1, 0]
158-[82, 44, 40, 50, 43, 1, 0]
159-[57, 23, 1, 0]
160-[218, 112, 136, 134, 70, 74, 40, 50, 43, 1, 0]
161-[31, 1, 0]
162-[201, 71, 1, 0]
163-[1, 0]
164-[130, 122, 64, 63, 41, 1, 0]
165-[123, 45, 33, 15, 9, 4, 3, 1, 0]
166-[86, 46, 26, 16, 15, 9, 4, 3, 1, 0]
167-[1, 0]
168-[312, 528, 960, 2088, 3762, 5598, 6570, 10746, 13254, 13830, 19434, 20886, 21606, 25098, 26742, 26754, 40446, 63234, 77406, 110754, 171486, 253458, 295740, 647748, 1077612, 1467588, 1956812, 2109796, 1889486, 953914, 668966, 353578, 176792, 254128, 308832, 502104, 753216, 1240176, 2422288, 2697920, 3727264, 3655076, 2760844, 2100740, 2310856, 2455544, 3212776, 3751064, 3282196, 2723020, 3035684, 2299240, 2988440, 5297320, 8325080, 11222920, 15359480, 19199440, 28875608, 25266172, 19406148, 26552604, 40541052, 54202884, 72270540, 147793668, 228408732, 348957876, 508132204, 404465636, 303708376, 290504024, 312058216, 294959384, 290622016, 286081174, 151737434, 75868720, 108199856, 101437396, 76247552, 76099654, 42387146, 21679318, 12752594, 7278382, 3660794, 1855066, 927536, 932464, 1013592, 1546008, 2425752, 5084088, 8436192, 13709064, 20563656, 33082104, 57142536, 99483384]
169-[14, 10, 8, 7, 1, 0]
170-[154, 134, 70, 74, 40, 50, 43, 1, 0]
171-[89, 1, 0]
172-[136, 134, 70, 74, 40, 50, 43, 1, 0]
173-[1, 0]
174-[186, 198, 270, 450, 759, 393, 135, 105, 87, 33, 15, 9, 4, 3, 1, 0]
175-[73, 1, 0]
176-[196, 203, 37, 1, 0]
177-[63, 41, 1, 0]
178-[92, 76, 64, 63, 41, 1, 0]
179-[1, 0]
180-[366, 378, 582, 594, 846, 1026, 1374, 1386, 2358, 2790, 4698, 6192, 11540, 12736, 12664, 11096, 11104, 10820, 11944, 10466, 5236, 6860, 9940, 14252, 14308, 15218, 10894, 6746, 3376, 3196, 2852, 2524, 1900, 2440, 3140, 3496, 3704, 3256, 3584, 4600, 6560, 9316, 8072, 7078, 3542, 3370, 2714, 1606, 1058, 601, 1, 0]
181-[1, 0]
182-[154, 134, 70, 74, 40, 50, 43, 1, 0]
183-[65, 19, 1, 0]
184-[176, 196, 203, 37, 1, 0]
185-[43, 1, 0]
186-[198, 270, 450, 759, 393, 135, 105, 87, 33, 15, 9, 4, 3, 1, 0]
187-[29, 1, 0]
188-[148, 118, 62, 34, 20, 22, 14, 10, 8, 7, 1, 0]
189-[131, 1, 0]
190-[170, 154, 134, 70, 74, 40, 50, 43, 1, 0]
191-[1, 0]
192-[316, 244, 190, 170, 154, 134, 70, 74, 40, 50, 43, 1, 0]
193-[1, 0]
194-[100, 117, 65, 19, 1, 0]
195-[141, 51, 21, 11, 1, 0]
196-[203, 37, 1, 0]
197-[1, 0]
198-[270, 450, 759, 393, 135, 105, 87, 33, 15, 9, 4, 3, 1, 0]
199-[1, 0]
200-[265, 59, 1, 0]
201-[71, 1, 0]
202-[104, 106, 56, 64, 63, 41, 1, 0]
203-[37, 1, 0]
204-[300, 568, 512, 511, 81, 40, 50, 43, 1, 0]
205-[47, 1, 0]
206-[106, 56, 64, 63, 41, 1, 0]
207-[105, 87, 33, 15, 9, 4, 3, 1, 0]
208-[226, 116, 94, 50, 43, 1, 0]
209-[31, 1, 0]
210-[366, 378, 582, 594, 846, 1026, 1374, 1386, 2358, 2790, 4698, 6192, 11540, 12736, 12664, 11096, 11104, 10820, 11944, 10466, 5236, 6860, 9940, 14252, 14308, 15218, 10894, 6746, 3376, 3196, 2852, 2524, 1900, 2440, 3140, 3496, 3704, 3256, 3584, 4600, 6560, 9316, 8072, 7078, 3542, 3370, 2714, 1606, 1058, 601, 1, 0]
211-[1, 0]
212-[166, 86, 46, 26, 16, 15, 9, 4, 3, 1, 0]
213-[75, 49, 8, 7, 1, 0]
214-[110, 106, 56, 64, 63, 41, 1, 0]
215-[49, 8, 7, 1, 0]
216-[384, 636, 876, 1196, 1156, 993, 335, 73, 1, 0]
217-[39, 17, 1, 0]
218-[112, 136, 134, 70, 74, 40, 50, 43, 1, 0]
219-[77, 19, 1, 0]
220-[284, 220]
221-[31, 1, 0]
222-[234, 312, 528, 960, 2088, 3762, 5598, 6570, 10746, 13254, 13830, 19434, 20886, 21606, 25098, 26742, 26754, 40446, 63234, 77406, 110754, 171486, 253458, 295740, 647748, 1077612, 1467588, 1956812, 2109796, 1889486, 953914, 668966, 353578, 176792, 254128, 308832, 502104, 753216, 1240176, 2422288, 2697920, 3727264, 3655076, 2760844, 2100740, 2310856, 2455544, 3212776, 3751064, 3282196, 2723020, 3035684, 2299240, 2988440, 5297320, 8325080, 11222920, 15359480, 19199440, 28875608, 25266172, 19406148, 26552604, 40541052, 54202884, 72270540, 147793668, 228408732, 348957876, 508132204, 404465636, 303708376, 290504024, 312058216, 294959384, 290622016, 286081174, 151737434, 75868720, 108199856, 101437396, 76247552, 76099654, 42387146, 21679318, 12752594, 7278382, 3660794, 1855066, 927536, 932464, 1013592, 1546008, 2425752, 5084088, 8436192, 13709064, 20563656, 33082104, 57142536]
223-[1, 0]
224-[280, 440, 640, 890, 730, 602, 454, 230, 202, 104, 106, 56, 64, 63, 41, 1, 0]
225-[178, 92, 76, 64, 63, 41, 1, 0]
226-[116, 94, 50, 43, 1, 0]
227-[1, 0]
228-[332, 256, 255, 177, 63, 41, 1, 0]
229-[1, 0]
230-[202, 104, 106, 56, 64, 63, 41, 1, 0]
231-[153, 81, 40, 50, 43, 1, 0]
232-[218, 112, 136, 134, 70, 74, 40, 50, 43, 1, 0]
233-[1, 0]
234-[312, 528, 960, 2088, 3762, 5598, 6570, 10746, 13254, 13830, 19434, 20886, 21606, 25098, 26742, 26754, 40446, 63234, 77406, 110754, 171486, 253458, 295740, 647748, 1077612, 1467588, 1956812, 2109796, 1889486, 953914, 668966, 353578, 176792, 254128, 308832, 502104, 753216, 1240176, 2422288, 2697920, 3727264, 3655076, 2760844, 2100740, 2310856, 2455544, 3212776, 3751064, 3282196, 2723020, 3035684, 2299240, 2988440, 5297320, 8325080, 11222920, 15359480, 19199440, 28875608, 25266172, 19406148, 26552604, 40541052, 54202884, 72270540, 147793668, 228408732, 348957876, 508132204, 404465636, 303708376, 290504024, 312058216, 294959384, 290622016, 286081174, 151737434, 75868720, 108199856, 101437396, 76247552, 76099654, 42387146, 21679318, 12752594, 7278382, 3660794, 1855066, 927536, 932464, 1013592, 1546008, 2425752, 5084088, 8436192, 13709064, 20563656, 33082104, 57142536, 99483384]
235-[53, 1, 0]
236-[184, 176, 196, 203, 37, 1, 0]
237-[83, 1, 0]
238-[194, 100, 117, 65, 19, 1, 0]
239-[1, 0]
240-[504, 1056, 1968, 3240, 7650, 14112, 32571, 27333, 12161, 1, 0]
241-[1, 0]
242-[157, 1, 0]
243-[121, 12, 16, 15, 9, 4, 3, 1, 0]
244-[190, 170, 154, 134, 70, 74, 40, 50, 43, 1, 0]
245-[97, 1, 0]
246-[258, 270, 450, 759, 393, 135, 105, 87, 33, 15, 9, 4, 3, 1, 0]
247-[33, 15, 9, 4, 3, 1, 0]
248-[232, 218, 112, 136, 134, 70, 74, 40, 50, 43, 1, 0]
249-[87, 33, 15, 9, 4, 3, 1, 0]
250-[218, 112, 136, 134, 70, 74, 40, 50, 43, 1, 0]
251-[1, 0]
252-[476, 532, 588, 1008, 2216, 1954, 980, 1414, 1034, 694, 350, 394, 200, 265, 59, 1, 0]
253-[35, 13, 1, 0]
254-[130, 122, 64, 63, 41, 1, 0]
255-[177, 63, 41, 1, 0]
256-[255, 177, 63, 41, 1, 0]
257-[1, 0]
258-[270, 450, 759, 393, 135, 105, 87, 33, 15, 9, 4, 3, 1, 0]
259-[45, 33, 15, 9, 4, 3, 1, 0]
260-[328, 302, 154, 134, 70, 74, 40, 50, 43, 1, 0]
261-[129, 47, 1, 0]
262-[134, 70, 74, 40, 50, 43, 1, 0]
263-[1, 0]
264-[456, 744, 1176, 2244, 3804, 5100, 10524, 14060, 17860, 22460, 24748, 20612, 15466, 11894, 6946, 3998, 2002, 2030, 2290, 1850, 1684, 1270, 1034, 694, 350, 394, 200, 265, 59, 1, 0]
265-[59, 1, 0]
266-[214, 110, 106, 56, 64, 63, 41, 1, 0]
267-[93, 35, 13, 1, 0]
268-[208, 226, 116, 94, 50, 43, 1, 0]
269-[1, 0]
270-[450, 759, 393, 135, 105, 87, 33, 15, 9, 4, 3, 1, 0]
271-[1, 0]
272-[286, 218, 112, 136, 134, 70, 74, 40, 50, 43, 1, 0]
273-[175, 73, 1, 0]
274-[140, 196, 203, 37, 1, 0]
275-[97, 1, 0]
276-[396, 696, 1104, 1872, 3770, 3790, 3050, 2716, 2772, 5964, 10164, 19628, 19684, 22876, 26404, 30044, 33796, 38780, 54628, 54684, 111300, 263676, 465668, 465724, 465780, 1026060, 2325540, 5335260, 11738916, 23117724, 45956820, 121129260, 266485716, 558454764, 1092873236, 1470806764, 1471882804, 1642613196, 2737688884, 2740114636, 2791337780, 4946860492, 4946860548, 9344070652, 9344070708, 15573451404, 27078171764, 27284104204, 27410152084, 27410152140, 76787720100, 220578719452, 254903331620, 361672366300, 603062136740, 921203207260, 1381419996068, 1395444575644, 1395478688996, 1395546402460, 2069258468900, 3065057872156, 3277068463844, 3429776547484, 3597527970596, 4028517592540, 5641400009252, 5641400009308, 5641400009364, 9709348326636, 16331909651988, 31948891146732, 54770416120644, 100509779504316, 208751080955844, 388416032284476, 749365894850244, 1414070378301756, 2556878765995204, 2556878765995260, 6726041614128900, 15626498692840700, 23762659088671300, 35168735451235260, 78257359358590020, 186897487211247036, 340813223900632644, 592585414385033916, 1326583294186844484, 2594892903616159356, 4946738730471899844, 8244565422068579772, 13740942370114299844, 13780400058385352252, 13780400058385352308, 14272557426581383244, 14272557426581383300, 21155073391000330684, 21374326697892540932, 22138822441861473292]
277-[1, 0]
278-[142, 74, 40, 50, 43, 1, 0]
279-[137, 1, 0]
280-[440, 640, 890, 730, 602, 454, 230, 202, 104, 106, 56, 64, 63, 41, 1, 0]
281-[1, 0]
282-[294, 390, 618, 630, 1242, 1638, 2730, 5334, 6954, 7926, 7938, 12753, 7267, 785, 163, 1, 0]
283-[1, 0]
284-[220, 284]
285-[195, 141, 51, 21, 11, 1, 0]
286-[218, 112, 136, 134, 70, 74, 40, 50, 43, 1, 0]
287-[49, 8, 7, 1, 0]
288-[531, 249, 87, 33, 15, 9, 4, 3, 1, 0]
289-[18, 21, 11, 1, 0]
290-[250, 218, 112, 136, 134, 70, 74, 40, 50, 43, 1, 0]
291-[101, 1, 0]
292-[226, 116, 94, 50, 43, 1, 0]
293-[1, 0]
294-[390, 618, 630, 1242, 1638, 2730, 5334, 6954, 7926, 7938, 12753, 7267, 785, 163, 1, 0]
295-[65, 19, 1, 0]
296-[274, 140, 196, 203, 37, 1, 0]
297-[183, 65, 19, 1, 0]
298-[152, 148, 118, 62, 34, 20, 22, 14, 10, 8, 7, 1, 0]
299-[37, 1, 0]
300-[568, 512, 511, 81, 40, 50, 43, 1, 0]
301-[51, 21, 11, 1, 0]
302-[154, 134, 70, 74, 40, 50, 43, 1, 0]
303-[105, 87, 33, 15, 9, 4, 3, 1, 0]
304-[316, 244, 190, 170, 154, 134, 70, 74, 40, 50, 43, 1, 0]
305-[67, 1, 0]
306-[396, 696, 1104, 1872, 3770, 3790, 3050, 2716, 2772, 5964, 10164, 19628, 19684, 22876, 26404, 30044, 33796, 38780, 54628, 54684, 111300, 263676, 465668, 465724, 465780, 1026060, 2325540, 5335260, 11738916, 23117724, 45956820, 121129260, 266485716, 558454764, 1092873236, 1470806764, 1471882804, 1642613196, 2737688884, 2740114636, 2791337780, 4946860492, 4946860548, 9344070652, 9344070708, 15573451404, 27078171764, 27284104204, 27410152084, 27410152140, 76787720100, 220578719452, 254903331620, 361672366300, 603062136740, 921203207260, 1381419996068, 1395444575644, 1395478688996, 1395546402460, 2069258468900, 3065057872156, 3277068463844, 3429776547484, 3597527970596, 4028517592540, 5641400009252, 5641400009308, 5641400009364, 9709348326636, 16331909651988, 31948891146732, 54770416120644, 100509779504316, 208751080955844, 388416032284476, 749365894850244, 1414070378301756, 2556878765995204, 2556878765995260, 6726041614128900, 15626498692840700, 23762659088671300, 35168735451235260, 78257359358590020, 186897487211247036, 340813223900632644, 592585414385033916, 1326583294186844484, 2594892903616159356, 4946738730471899844, 8244565422068579772, 13740942370114299844, 13780400058385352252, 13780400058385352308, 14272557426581383244, 14272557426581383300, 21155073391000330684, 21374326697892540932, 22138822441861473292]
307-[1, 0]
308-[364, 420, 924, 1764, 3423, 1825, 469, 75, 49, 8, 7, 1, 0]
309-[107, 1, 0]
310-[266, 214, 110, 106, 56, 64, 63, 41, 1, 0]
311-[1, 0]
312-[528, 960, 2088, 3762, 5598, 6570, 10746, 13254, 13830, 19434, 20886, 21606, 25098, 26742, 26754, 40446, 63234, 77406, 110754, 171486, 253458, 295740, 647748, 1077612, 1467588, 1956812, 2109796, 1889486, 953914, 668966, 353578, 176792, 254128, 308832, 502104, 753216, 1240176, 2422288, 2697920, 3727264, 3655076, 2760844, 2100740, 2310856, 2455544, 3212776, 3751064, 3282196, 2723020, 3035684, 2299240, 2988440, 5297320, 8325080, 11222920, 15359480, 19199440, 28875608, 25266172, 19406148, 26552604, 40541052, 54202884, 72270540, 147793668, 228408732, 348957876, 508132204, 404465636, 303708376, 290504024, 312058216, 294959384, 290622016, 286081174, 151737434, 75868720, 108199856, 101437396, 76247552, 76099654, 42387146, 21679318, 12752594, 7278382, 3660794, 1855066, 927536, 932464, 1013592, 1546008, 2425752, 5084088, 8436192, 13709064, 20563656, 33082104, 57142536, 99483384, 245978376]
313-[1, 0]
314-[160, 218, 112, 136, 134, 70, 74, 40, 50, 43, 1, 0]
315-[309, 107, 1, 0]
316-[244, 190, 170, 154, 134, 70, 74, 40, 50, 43, 1, 0]
317-[1, 0]
318-[330, 534, 546, 798, 1122, 1470, 2634, 2646, 4194, 4932, 7626, 8502, 9978, 9990, 17370, 28026, 35136, 67226, 33616, 37808, 40312, 35288, 37072, 45264, 79728, 146448, 281166, 281178, 363942, 424638, 526338, 722961, 321329, 1, 0]
319-[41, 1, 0]
320-[442, 314, 160, 218, 112, 136, 134, 70, 74, 40, 50, 43, 1, 0]
321-[111, 41, 1, 0]
322-[254, 130, 122, 64, 63, 41, 1, 0]
323-[37, 1, 0]
324-[523, 1, 0]
325-[109, 1, 0]
326-[166, 86, 46, 26, 16, 15, 9, 4, 3, 1, 0]
327-[113, 1, 0]
328-[302, 154, 134, 70, 74, 40, 50, 43, 1, 0]
329-[55, 17, 1, 0]
330-[534, 546, 798, 1122, 1470, 2634, 2646, 4194, 4932, 7626, 8502, 9978, 9990, 17370, 28026, 35136, 67226, 33616, 37808, 40312, 35288, 37072, 45264, 79728, 146448, 281166, 281178, 363942, 424638, 526338, 722961, 321329, 1, 0]
331-[1, 0]
332-[256, 255, 177, 63, 41, 1, 0]
333-[161, 31, 1, 0]
334-[170, 154, 134, 70, 74, 40, 50, 43, 1, 0]
335-[73, 1, 0]
336-[656, 646, 434, 334, 170, 154, 134, 70, 74, 40, 50, 43, 1, 0]
337-[1, 0]
338-[211, 1, 0]
339-[117, 65, 19, 1, 0]
340-[416, 466, 236, 184, 176, 196, 203, 37, 1, 0]
341-[43, 1, 0]
342-[438, 450, 759, 393, 135, 105, 87, 33, 15, 9, 4, 3, 1, 0]
343-[57, 23, 1, 0]
344-[316, 244, 190, 170, 154, 134, 70, 74, 40, 50, 43, 1, 0]
345-[231, 153, 81, 40, 50, 43, 1, 0]
346-[176, 196, 203, 37, 1, 0]
347-[1, 0]
348-[492, 684, 1136, 1096, 974, 490, 536, 484, 447, 153, 81, 40, 50, 43, 1, 0]
349-[1, 0]
350-[394, 200, 265, 59, 1, 0]
351-[209, 31, 1, 0]
352-[404, 310, 266, 214, 110, 106, 56, 64, 63, 41, 1, 0]
353-[1, 0]
354-[366, 378, 582, 594, 846, 1026, 1374, 1386, 2358, 2790, 4698, 6192, 11540, 12736, 12664, 11096, 11104, 10820, 11944, 10466, 5236, 6860, 9940, 14252, 14308, 15218, 10894, 6746, 3376, 3196, 2852, 2524, 1900, 2440, 3140, 3496, 3704, 3256, 3584, 4600, 6560, 9316, 8072, 7078, 3542, 3370, 2714, 1606, 1058, 601, 1, 0]
355-[77, 19, 1, 0]
356-[274, 140, 196, 203, 37, 1, 0]
357-[219, 77, 19, 1, 0]
358-[182, 154, 134, 70, 74, 40, 50, 43, 1, 0]
359-[1, 0]
360-[810, 1368, 2532, 3404, 2980, 3320, 4240, 5804, 4360, 5540, 6136, 6464, 6490, 6470, 5194, 4040, 5140, 5696, 5734, 3194, 1600, 2337, 1023, 513, 287, 49, 8, 7, 1, 0]
361-[20, 22, 14, 10, 8, 7, 1, 0]
362-[184, 176, 196, 203, 37, 1, 0]
363-[169, 14, 10, 8, 7, 1, 0]
364-[420, 924, 1764, 3423, 1825, 469, 75, 49, 8, 7, 1, 0]
365-[79, 1, 0]
366-[378, 582, 594, 846, 1026, 1374, 1386, 2358, 2790, 4698, 6192, 11540, 12736, 12664, 11096, 11104, 10820, 11944, 10466, 5236, 6860, 9940, 14252, 14308, 15218, 10894, 6746, 3376, 3196, 2852, 2524, 1900, 2440, 3140, 3496, 3704, 3256, 3584, 4600, 6560, 9316, 8072, 7078, 3542, 3370, 2714, 1606, 1058, 601, 1, 0]
367-[1, 0]
368-[376, 344, 316, 244, 190, 170, 154, 134, 70, 74, 40, 50, 43, 1, 0]
369-[177, 63, 41, 1, 0]
370-[314, 160, 218, 112, 136, 134, 70, 74, 40, 50, 43, 1, 0]
371-[61, 1, 0]
372-[524, 400, 561, 303, 105, 87, 33, 15, 9, 4, 3, 1, 0]
373-[1, 0]
374-[274, 140, 196, 203, 37, 1, 0]
375-[249, 87, 33, 15, 9, 4, 3, 1, 0]
376-[344, 316, 244, 190, 170, 154, 134, 70, 74, 40, 50, 43, 1, 0]
377-[43, 1, 0]
378-[582, 594, 846, 1026, 1374, 1386, 2358, 2790, 4698, 6192, 11540, 12736, 12664, 11096, 11104, 10820, 11944, 10466, 5236, 6860, 9940, 14252, 14308, 15218, 10894, 6746, 3376, 3196, 2852, 2524, 1900, 2440, 3140, 3496, 3704, 3256, 3584, 4600, 6560, 9316, 8072, 7078, 3542, 3370, 2714, 1606, 1058, 601, 1, 0]
379-[1, 0]
380-[460, 548, 418, 302, 154, 134, 70, 74, 40, 50, 43, 1, 0]
381-[131, 1, 0]
382-[194, 100, 117, 65, 19, 1, 0]
383-[1, 0]
384-[636, 876, 1196, 1156, 993, 335, 73, 1, 0]
385-[191, 1, 0]
386-[196, 203, 37, 1, 0]
387-[185, 43, 1, 0]
388-[298, 152, 148, 118, 62, 34, 20, 22, 14, 10, 8, 7, 1, 0]
389-[1, 0]
390-[618, 630, 1242, 1638, 2730, 5334, 6954, 7926, 7938, 12753, 7267, 785, 163, 1, 0]
391-[41, 1, 0]
392-[463, 1, 0]
393-[135, 105, 87, 33, 15, 9, 4, 3, 1, 0]
394-[200, 265, 59, 1, 0]
395-[85, 23, 1, 0]
396-[696, 1104, 1872, 3770, 3790, 3050, 2716, 2772, 5964, 10164, 19628, 19684, 22876, 26404, 30044, 33796, 38780, 54628, 54684, 111300, 263676, 465668, 465724, 465780, 1026060, 2325540, 5335260, 11738916, 23117724, 45956820, 121129260, 266485716, 558454764, 1092873236, 1470806764, 1471882804, 1642613196, 2737688884, 2740114636, 2791337780, 4946860492, 4946860548, 9344070652, 9344070708, 15573451404, 27078171764, 27284104204, 27410152084, 27410152140, 76787720100, 220578719452, 254903331620, 361672366300, 603062136740, 921203207260, 1381419996068, 1395444575644, 1395478688996, 1395546402460, 2069258468900, 3065057872156, 3277068463844, 3429776547484, 3597527970596, 4028517592540, 5641400009252, 5641400009308, 5641400009364, 9709348326636, 16331909651988, 31948891146732, 54770416120644, 100509779504316, 208751080955844, 388416032284476, 749365894850244, 1414070378301756, 2556878765995204, 2556878765995260, 6726041614128900, 15626498692840700, 23762659088671300, 35168735451235260, 78257359358590020, 186897487211247036, 340813223900632644, 592585414385033916, 1326583294186844484, 2594892903616159356, 4946738730471899844, 8244565422068579772, 13740942370114299844, 13780400058385352252, 13780400058385352308, 14272557426581383244, 14272557426581383300, 21155073391000330684, 21374326697892540932, 22138822441861473292, 23780027782003162628]
397-[1, 0]
398-[202, 104, 106, 56, 64, 63, 41, 1, 0]
399-[241, 1, 0]
400-[561, 303, 105, 87, 33, 15, 9, 4, 3, 1, 0]
401-[1, 0]
402-[414, 522, 648, 1167, 393, 135, 105, 87, 33, 15, 9, 4, 3, 1, 0]
403-[45, 33, 15, 9, 4, 3, 1, 0]
404-[310, 266, 214, 110, 106, 56, 64, 63, 41, 1, 0]
405-[321, 111, 41, 1, 0]
406-[314, 160, 218, 112, 136, 134, 70, 74, 40, 50, 43, 1, 0]
407-[49, 8, 7, 1, 0]
408-[672, 1344, 2720, 4084, 3070, 2474, 1240, 1640, 2140, 2396, 1804, 1724, 1300, 1738, 1142, 574, 434, 334, 170, 154, 134, 70, 74, 40, 50, 43, 1, 0]
409-[1, 0]
410-[346, 176, 196, 203, 37, 1, 0]
411-[141, 51, 21, 11, 1, 0]
412-[316, 244, 190, 170, 154, 134, 70, 74, 40, 50, 43, 1, 0]
413-[67, 1, 0]
414-[522, 648, 1167, 393, 135, 105, 87, 33, 15, 9, 4, 3, 1, 0]
415-[89, 1, 0]
416-[466, 236, 184, 176, 196, 203, 37, 1, 0]
417-[143, 25, 6]
418-[302, 154, 134, 70, 74, 40, 50, 43, 1, 0]
419-[1, 0]
420-[924, 1764, 3423, 1825, 469, 75, 49, 8, 7, 1, 0]
421-[1, 0]
422-[214, 110, 106, 56, 64, 63, 41, 1, 0]
423-[201, 71, 1, 0]
424-[386, 196, 203, 37, 1, 0]
425-[133, 27, 13, 1, 0]
426-[438, 450, 759, 393, 135, 105, 87, 33, 15, 9, 4, 3, 1, 0]
427-[69, 27, 13, 1, 0]
428-[328, 302, 154, 134, 70, 74, 40, 50, 43, 1, 0]
429-[243, 121, 12, 16, 15, 9, 4, 3, 1, 0]
430-[362, 184, 176, 196, 203, 37, 1, 0]
431-[1, 0]
432-[808, 722, 421, 1, 0]
433-[1, 0]
434-[334, 170, 154, 134, 70, 74, 40, 50, 43, 1, 0]
435-[285, 195, 141, 51, 21, 11, 1, 0]
436-[334, 170, 154, 134, 70, 74, 40, 50, 43, 1, 0]
437-[43, 1, 0]
438-[450, 759, 393, 135, 105, 87, 33, 15, 9, 4, 3, 1, 0]
439-[1, 0]
440-[640, 890, 730, 602, 454, 230, 202, 104, 106, 56, 64, 63, 41, 1, 0]
441-[300, 568, 512, 511, 81, 40, 50, 43, 1, 0]
442-[314, 160, 218, 112, 136, 134, 70, 74, 40, 50, 43, 1, 0]
443-[1, 0]
444-[620, 724, 550, 566, 286, 218, 112, 136, 134, 70, 74, 40, 50, 43, 1, 0]
445-[95, 25, 6]
446-[226, 116, 94, 50, 43, 1, 0]
447-[153, 81, 40, 50, 43, 1, 0]
448-[568, 512, 511, 81, 40, 50, 43, 1, 0]
449-[1, 0]
450-[759, 393, 135, 105, 87, 33, 15, 9, 4, 3, 1, 0]
451-[53, 1, 0]
452-[346, 176, 196, 203, 37, 1, 0]
453-[155, 37, 1, 0]
454-[230, 202, 104, 106, 56, 64, 63, 41, 1, 0]
455-[217, 39, 17, 1, 0]
456-[744, 1176, 2244, 3804, 5100, 10524, 14060, 17860, 22460, 24748, 20612, 15466, 11894, 6946, 3998, 2002, 2030, 2290, 1850, 1684, 1270, 1034, 694, 350, 394, 200, 265, 59, 1, 0]
457-[1, 0]
458-[232, 218, 112, 136, 134, 70, 74, 40, 50, 43, 1, 0]
459-[261, 129, 47, 1, 0]
460-[548, 418, 302, 154, 134, 70, 74, 40, 50, 43, 1, 0]
461-[1, 0]
462-[690, 1038, 1050, 1926, 2286, 2706, 3342, 3354, 4038, 4050, 7203, 4001, 1, 0]
463-[1, 0]
464-[466, 236, 184, 176, 196, 203, 37, 1, 0]
465-[303, 105, 87, 33, 15, 9, 4, 3, 1, 0]
466-[236, 184, 176, 196, 203, 37, 1, 0]
467-[1, 0]
468-[806, 538, 272, 286, 218, 112, 136, 134, 70, 74, 40, 50, 43, 1, 0]
469-[75, 49, 8, 7, 1, 0]
470-[394, 200, 265, 59, 1, 0]
471-[161, 31, 1, 0]
472-[428, 328, 302, 154, 134, 70, 74, 40, 50, 43, 1, 0]
473-[55, 17, 1, 0]
474-[486, 606, 618, 630, 1242, 1638, 2730, 5334, 6954, 7926, 7938, 12753, 7267, 785, 163, 1, 0]
475-[145, 35, 13, 1, 0]
476-[532, 588, 1008, 2216, 1954, 980, 1414, 1034, 694, 350, 394, 200, 265, 59, 1, 0]
477-[225, 178, 92, 76, 64, 63, 41, 1, 0]
478-[242, 157, 1, 0]
479-[1, 0]
480-[1032, 1608, 2472, 3768, 5712, 12144, 23568, 37440, 101244, 180996, 241356, 321836, 251044, 188290, 168830, 135082, 88478, 59698, 34622, 24754, 12380, 13660, 15068, 11308, 10364, 7780, 8600, 11860, 13088, 12742, 7274, 3640, 6440, 10840, 13640, 20920, 26240, 38020, 41864, 36646, 19298, 9652, 8268, 12900, 25292, 18976, 18446, 10498, 5882, 3514, 2534, 1834, 1334, 826, 614, 310, 266, 214, 110, 106, 56, 64, 63, 41, 1, 0]
481-[51, 21, 11, 1, 0]
482-[244, 190, 170, 154, 134, 70, 74, 40, 50, 43, 1, 0]
483-[285, 195, 141, 51, 21, 11, 1, 0]
484-[447, 153, 81, 40, 50, 43, 1, 0]
485-[103, 1, 0]
486-[606, 618, 630, 1242, 1638, 2730, 5334, 6954, 7926, 7938, 12753, 7267, 785, 163, 1, 0]
487-[1, 0]
488-[442, 314, 160, 218, 112, 136, 134, 70, 74, 40, 50, 43, 1, 0]
489-[167, 1, 0]
490-[536, 484, 447, 153, 81, 40, 50, 43, 1, 0]
491-[1, 0]
492-[684, 1136, 1096, 974, 490, 536, 484, 447, 153, 81, 40, 50, 43, 1, 0]
493-[47, 1, 0]
494-[346, 176, 196, 203, 37, 1, 0]
495-[441, 300, 568, 512, 511, 81, 40, 50, 43, 1, 0]
496-[496]
497-[79, 1, 0]
498-[510, 786, 798, 1122, 1470, 2634, 2646, 4194, 4932, 7626, 8502, 9978, 9990, 17370, 28026, 35136, 67226, 33616, 37808, 40312, 35288, 37072, 45264, 79728, 146448, 281166, 281178, 363942, 424638, 526338, 722961, 321329, 1, 0]
499-[1, 0]
500-[592, 586, 296, 274, 140, 196, 203, 37, 1, 0]
