1-[]
2-[1]
3-[1]
4-[1, 2]
5-[1]
6-[1, 2, 3]
7-[1]
8-[1, 2, 4]
9-[1, 3]
10-[1, 2, 5]
11-[1]
12-[1, 2, 3, 4, 6]
13-[1]
14-[1, 2, 7]
15-[1, 3, 5]
16-[1, 2, 4, 8]
17-[1]
18-[1, 2, 3, 6, 9]
19-[1]
20-[1, 2, 4, 5, 10]
21-[1, 3, 7]
22-[1, 2, 11]
23-[1]
24-[1, 2, 3, 4, 6, 8, 12]
25-[1, 5]
26-[1, 2, 13]
27-[1, 3, 9]
28-[1, 2, 4, 7, 14]
29-[1]
30-[1, 2, 3, 5, 6, 10, 15]
31-[1]
32-[1, 2, 4, 8, 16]
33-[1, 3, 11]
34-[1, 2, 17]
35-[1, 5, 7]
36-[1, 2, 3, 4, 6, 9, 12, 18]
37-[1]
38-[1, 2, 19]
39-[1, 3, 13]
40-[1, 2, 4, 5, 8, 10, 20]
41-[1]
42-[1, 2, 3, 6, 7, 14, 21]
43-[1]
44-[1, 2, 4, 11, 22]
45-[1, 3, 5, 9, 15]
46-[1, 2, 23]
47-[1]
48-[1, 2, 3, 4, 6, 8, 12, 16, 24]
49-[1, 7]
50-[1, 2, 5, 10, 25]
51-[1, 3, 17]
52-[1, 2, 4, 13, 26]
53-[1]
54-[1, 2, 3, 6, 9, 18, 27]
55-[1, 5, 11]
56-[1, 2, 4, 7, 8, 14, 28]
57-[1, 3, 19]
58-[1, 2, 29]
59-[1]
60-[1, 2, 3, 4, 5, 6, 10, 12, 15, 20, 30]
61-[1]
62-[1, 2, 31]
63-[1, 3, 7, 9, 21]
64-[1, 2, 4, 8, 16, 32]
65-[1, 5, 13]
66-[1, 2, 3, 6, 11, 22, 33]
67-[1]
68-[1, 2, 4, 17, 34]
69-[1, 3, 23]
70-[1, 2, 5, 7, 10, 14, 35]
71-[1]
72-[1, 2, 3, 4, 6, 8, 9, 12, 18, 24, 36]
73-[1]
74-[1, 2, 37]
75-[1, 3, 5, 15, 25]
76-[1, 2, 4, 19, 38]
77-[1, 7, 11]
78-[1, 2, 3, 6, 13, 26, 39]
79-[1]
80-[1, 2, 4, 5, 8, 10, 16, 20, 40]
81-[1, 3, 9, 27]
82-[1, 2, 41]
83-[1]
84-[1, 2, 3, 4, 6, 7, 12, 14, 21, 28, 42]
85-[1, 5, 17]
86-[1, 2, 43]
87-[1, 3, 29]
88-[1, 2, 4, 8, 11, 22, 44]
89-[1]
90-[1, 2, 3, 5, 6, 9, 10, 15, 18, 30, 45]
91-[1, 7, 13]
92-[1, 2, 4, 23, 46]
93-[1, 3, 31]
94-[1, 2, 47]
95-[1, 5, 19]
96-[1, 2, 3, 4, 6, 8, 12, 16, 24, 32, 48]
97-[1]
98-[1, 2, 7, 14, 49]
99-[1, 3, 9, 11, 33]
100-[1, 2, 4, 5, 10, 20, 25, 50]
101-[1]
102-[1, 2, 3, 6, 17, 34, 51]
103-[1]
104-[1, 2, 4, 8, 13, 26, 52]
105-[1, 3, 5, 7, 15, 21, 35]
106-[1, 2, 53]
107-[1]
108-[1, 2, 3, 4, 6, 9, 12, 18, 27, 36, 54]
109-[1]
110-[1, 2, 5, 10, 11, 22, 55]
111-[1, 3, 37]
112-[1, 2, 4, 7, 8, 14, 16, 28, 56]
113-[1]
114-[1, 2, 3, 6, 19, 38, 57]
115-[1, 5, 23]
116-[1, 2, 4, 29, 58]
117-[1, 3, 9, 13, 39]
118-[1, 2, 59]
119-[1, 7, 17]
120-[1, 2, 3, 4, 5, 6, 8, 10, 12, 15, 20, 24, 30, 40, 60]
121-[1, 11]
122-[1, 2, 61]
123-[1, 3, 41]
124-[1, 2, 4, 31, 62]
125-[1, 5, 25]
126-[1, 2, 3, 6, 7, 9, 14, 18, 21, 42, 63]
127-[1]
128-[1, 2, 4, 8, 16, 32, 64]
129-[1, 3, 43]
130-[1, 2, 5, 10, 13, 26, 65]
131-[1]
132-[1, 2, 3, 4, 6, 11, 12, 22, 33, 44, 66]
133-[1, 7, 19]
134-[1, 2, 67]
135-[1, 3, 5, 9, 15, 27, 45]
136-[1, 2, 4, 8, 17, 34, 68]
137-[1]
138-[1, 2, 3, 6, 23, 46, 69]
139-[1]
140-[1, 2, 4, 5, 7, 10, 14, 20, 28, 35, 70]
141-[1, 3, 47]
142-[1, 2, 71]
143-[1, 11, 13]
144-[1, 2, 3, 4, 6, 8, 9, 12, 16, 18, 24, 36, 48, 72]
145-[1, 5, 29]
146-[1, 2, 73]
147-[1, 3, 7, 21, 49]
148-[1, 2, 4, 37, 74]
149-[1]
150-[1, 2, 3, 5, 6, 10, 15, 25, 30, 50, 75]
151-[1]
152-[1, 2, 4, 8, 19, 38, 76]
153-[1, 3, 9, 17, 51]
154-[1, 2, 7, 11, 14, 22, 77]
155-[1, 5, 31]
156-[1, 2, 3, 4, 6, 12, 13, 26, 39, 52, 78]
157-[1]
158-[1, 2, 79]
159-[1, 3, 53]
160-[1, 2, 4, 5, 8, 10, 16, 20, 32, 40, 80]
161-[1, 7, 23]
162-[1, 2, 3, 6, 9, 18, 27, 54, 81]
163-[1]
164-[1, 2, 4, 41, 82]
165-[1, 3, 5, 11, 15, 33, 55]
166-[1, 2, 83]
167-[1]
168-[1, 2, 3, 4, 6, 7, 8, 12, 14, 21, 24, 28, 42, 56, 84]
169-[1, 13]
170-[1, 2, 5, 10, 17, 34, 85]
171-[1, 3, 9, 19, 57]
172-[1, 2, 4, 43, 86]
173-[1]
174-[1, 2, 3, 6, 29, 58, 87]
175-[1, 5, 7, 25, 35]
176-[1, 2, 4, 8, 11, 16, 22, 44, 88]
177-[1, 3, 59]
178-[1, 2, 89]
179-[1]
180-[1, 2, 3, 4, 5, 6, 9, 10, 12, 15, 18, 20, 30, 36, 45, 60, 90]
181-[1]
182-[1, 2, 7, 13, 14, 26, 91]
183-[1, 3, 61]
184-[1, 2, 4, 8, 23, 46, 92]
185-[1, 5, 37]
186-[1, 2, 3, 6, 31, 62, 93]
187-[1, 11, 17]
188-[1, 2, 4, 47, 94]
189-[1, 3, 7, 9, 21, 27, 63]
190-[1, 2, 5, 10, 19, 38, 95]
191-[1]
192-[1, 2, 3, 4, 6, 8, 12, 16, 24, 32, 48, 64, 96]
193-[1]
194-[1, 2, 97]
195-[1, 3, 5, 13, 15, 39, 65]
196-[1, 2, 4, 7, 14, 28, 49, 98]
197-[1]
198-[1, 2, 3, 6, 9, 11, 18, 22, 33, 66, 99]
199-[1]
200-[1, 2, 4, 5, 8, 10, 20, 25, 40, 50, 100]
